1507
1456
1833
934
1178
1759
1546
2453
488
2508
2044
355
547
307
1679
1363
1298
2135
1570
420
2712
2478
2721
2082
1865
3231
1699
63
3108
3271
3251
1439
2925
560
2618
1045
828
2983
2680
2281
1997
1304
749
461
2743
1677
2986
2224
250
2898
1023
863
1871
1777
1282
37
3091
3236
1433
761
1667
1074
854
3243
1735
1164
1533
433
2987
400
927
2927
2193
939
2797
3098
80
388
973
2699
2416
241
2786
1413
679
2198
790
1155
824
3176
600
1362
3185
325
2851
828
3216
1311
1038
3210
505
2852
1172
2583
3013
2762
2557
1763
753
166
2035
1562
2119
573
1066
1664
117
264
2293
2008
883
1431
290
1946
1158
1410
2026
892
3206
713
1290
3017
1845
1039
374
3223
251
490
13
2556
1569
1392
2075
901
3178
1517
2180
2366
1005
553
2506
2223
2315
2171
124
672
3275
2662
2697
1180
1414
1953
406
691
641
3092
2041
1010
2047
258
2592
2822
2869
1866
1137
1810
728
2295
2964
852
119
2473
1703
56
2741
556
167
1051
1215
1727
8
3006
3102
2097
1961
658
2839
1901
242
933
2360
719
164
1121
2236
2256
970
2621
218
1962
725
2604
3018
683
2403
2281
434
939
3231
1231
3219
3188
3049
1677
3271
1986
3173
219
1928
1339
1201
2113
2422
934
1529
670
2916
1990
3274
3118
2543
1574
2129
2360
1908
3321
2674
2494
1115
506
1318
1551
186
2782
3282
331
