2619
456
102
3037
1126
1003
914
571
3016
419
2771
3033
2233
356
2418
1728
130
122
383
895
952
2069
2465
108
2298
814
2932
2661
2872
2232
1718
902
1839
2413
1139
3315
26
3108
3300
653
2859
1731
1393
1138
636
881
3127
1378
418
379
1556
396
1470
1408
2472
1083
3305
177
2988
1881
2196
511
1550
322
2261
1200
2574
2533
1481
2364
787
2885
284
187
2708
933
3166
1185
326
953
413
1556
1138
1857
2603
1494
666
1516
1455
858
2745
1093
2874
2799
2654
292
2495
2600
700
2187
2986
1002
669
1893
1554
1105
2621
2818
2281
899
2804
1328
3147
3178
229
938
131
3297
1292
1643
1096
271
864
2323
2940
1288
870
2684
2044
1620
2633
1879
585
1084
571
1010
3051
2299
2207
1076
3059
2394
1754
2390
1635
1482
898
566
2087
2021
372
3095
192
449
626
2570
655
3244
2787
1729
2442
260
1576
1563
2440
1917
2167
1029
2266
47
2786
2952
469
2792
2199
3075
1092
3148
2625
1393
456
1202
1780
647
1858
13
2957
2947
1078
2050
3120
731
2079
435
2561
1222
2617
2079
2494
814
626
1531
3123
661
2209
3189
2172
2
2453
1327
2001
79
458
1486
3304
1259
980
237
986
2323
322
350
2997
1990
283
3115
2181
3136
515
525
2702
1946
2251
676
1085
2161
2484
1733
867
2208
3093
2989
2825
823
2920
1276
1634
2751
2661
1529
1794
2119
1849
495
1015
920
