194
1315
2820
3001
1536
318
2583
3301
742
1689
104
572
311
3255
699
2316
1459
574
1191
34
2493
83
2540
630
2724
1557
2228
3086
1927
2873
1342
1188
2533
2166
2984
904
1425
708
1250
3248
3033
2504
769
1137
1048
2356
780
580
3231
2249
1219
2781
707
1317
1412
3305
2777
2210
2524
34
2136
945
2654
3063
2661
2328
1968
704
1310
113
2478
1632
2405
2245
850
978
2496
3225
1029
3239
877
2235
1393
923
2500
1810
469
1628
2102
1523
2100
3309
1274
1147
2256
1317
1844
2879
271
1081
179
2701
2222
1347
2483
2805
797
2277
2769
1340
2631
3136
1309
1694
1002
2742
3046
99
549
2115
110
406
1350
477
1923
989
2731
2574
2161
1766
1076
347
3005
2179
221
3091
2332
1068
439
734
948
2430
2846
1545
2416
885
1490
1821
2306
3243
3029
228
331
1552
270
948
3007
1503
58
3106
1480
1739
451
3212
1316
939
1547
2837
3269
122
568
2648
1799
1504
3256
497
86
659
696
2181
73
2643
1046
2363
2217
2571
2548
673
425
3085
3237
1327
1624
1302
2219
1197
3272
952
1671
2972
1643
2116
1620
220
3254
652
1622
2614
2739
2817
162
656
946
1392
1305
1519
678
2370
447
2185
734
2270
2238
559
1679
661
348
2068
21
3143
293
2879
1828
152
3205
1697
3205
846
663
2205
2577
2425
487
1212
3103
13
2061
1506
1246
2807
2618
1578
1749
986
8
2695
