653
449
551
1966
576
432
1886
1001
2213
1994
1438
990
2018
1735
750
935
1402
1706
2179
986
2347
1083
2386
1623
2326
285
2882
485
914
2326
2172
866
646
789
2202
2089
1112
3291
1690
931
402
510
2347
1024
2518
703
2856
1111
3080
1939
1264
2030
2010
1953
2890
1502
1971
1403
3274
2047
1281
1081
178
665
2302
2437
2892
556
402
2649
1701
713
2879
927
2687
2418
2906
1376
847
3198
2099
1752
1473
2360
854
2739
507
194
394
1226
1083
1905
3228
2536
449
54
550
1545
918
1246
2382
286
1314
968
2370
2769
2771
141
2596
585
2282
1703
2106
1956
2437
2938
2848
122
2423
3164
849
3242
2663
2360
1362
1710
3322
934
3019
1962
3246
2061
1998
1745
20
748
3204
2581
621
3095
375
2297
218
964
1092
2697
390
1541
739
335
150
1009
3093
426
16
2711
3289
452
2051
2978
9
3012
2237
1148
1027
384
2022
2355
250
1224
2505
865
67
1894
2645
189
3052
1335
1536
3325
2352
2354
1015
1411
1101
540
397
637
387
1416
2744
384
670
688
2358
2372
2948
1080
2814
1231
3103
3111
2124
1176
2247
349
925
2340
2822
2482
2680
1947
1908
150
2646
2152
1572
722
2326
3227
1330
3009
227
1286
308
446
453
3279
838
2411
2657
2092
856
1529
689
1567
2272
3062
730
1823
3193
2943
235
1188
2590
3309
1078
2441
3328
1840
829
1646
837
2350
204
2485
