1331
2055
1467
538
3010
343
1781
2355
2072
1993
941
2575
1111
2575
1538
2705
2467
3310
168
1374
419
2012
1493
779
3166
2606
2570
198
1744
1189
778
1609
2964
1471
2682
1138
1224
740
1310
2041
2787
1461
558
1058
1320
2788
933
829
1177
1350
3031
1226
1377
1899
651
829
445
1070
2803
1647
764
2436
3002
3080
3146
1496
419
410
2581
1632
2517
168
1186
3311
1509
1466
71
1739
690
2796
598
3164
145
558
1011
1826
1200
2603
2173
2121
3016
70
348
2112
744
2158
2863
3203
3135
1640
1872
664
2412
337
1157
548
2481
26
3145
2245
970
1728
1792
224
2596
97
727
1475
1946
1033
1662
1785
1616
2096
3290
257
3290
1968
2493
108
297
228
2917
56
1303
1905
1408
1358
3096
1426
248
73
2289
3200
928
2853
2450
676
1285
548
1668
620
2780
2706
830
1744
841
2357
1093
850
815
2291
2419
932
3220
300
2397
1268
572
1841
3269
1977
1224
2577
3270
3199
878
757
1865
1249
13
2278
338
856
714
1950
654
236
1256
95
2335
507
3311
253
1289
2637
1180
468
2450
2084
2554
1470
1507
1825
589
232
3189
1400
2834
1633
3300
2361
691
662
3216
335
999
2193
2414
1165
1208
323
487
994
493
1681
2107
808
1978
870
2530
1606
444
798
2388
1781
2440
1446
288
700
1566
2381
3037
2628
1927
819
1691
2125
2042
2627
2266
798
2338
1724
1185
2538
