589
49
1352
2284
2445
627
1596
1830
2225
2100
604
29
2390
29
453
24
2850
897
1530
2764
368
1203
1351
3171
2439
668
2718
2041
189
2387
3043
2883
3215
1864
409
2517
209
1508
1230
1586
533
584
1515
2264
2510
661
2909
2913
851
3021
1804
465
3148
55
103
2913
367
471
2581
1089
1251
2211
1421
1418
3208
1735
368
2545
797
2498
2592
1530
2003
1025
70
1224
2430
2878
1766
1685
3306
2183
1915
1515
2906
698
466
284
1837
1839
3213
2302
1267
687
2020
3246
274
517
1800
193
3257
1767
2468
3188
1620
235
1313
3328
3080
1066
987
1470
3004
2040
2717
2429
3173
2376
2742
2393
3009
2108
450
1968
1666
2935
1666
2229
2849
508
1397
2552
528
510
334
823
458
716
137
2762
1783
2686
40
133
2269
2323
674
3303
1359
235
448
2793
2966
152
3041
189
1120
2086
86
2272
1121
296
35
2781
2693
1781
548
2512
3307
2618
2307
52
209
285
2435
5
2527
355
2361
80
1664
1961
3316
3040
1509
3254
487
247
976
2173
2599
1645
1025
2423
1871
1307
1235
3311
674
432
670
1736
3143
570
2154
3064
2054
2763
3220
2626
2946
2598
1894
1511
2181
2932
1370
1068
2724
2644
1490
1396
2414
730
3182
2112
47
225
180
1503
927
2499
239
2274
2725
1596
2723
1993
245
3046
708
1829
2572
155
310
1633
63
2351
1714
27
425
2274
2983
958
1875
1951
